loan 1000113

07/11/2024	132,000.00	0%/Year	Lump-Sum	0	0	0	132,000.00	0	
05/11/2024	133,300.00	0%/Loan	Lump-Sum	0	0	0	133,300.00	0	
01/11/2024	50,000.00	0%/Loan	Lump-Sum	0	0	0	50,000.00	0	
08/10/2024	100,000.00	0%/Year	Lump-Sum	0	0	0	100,000.00	0	
22/09/2024	100,000.00	0%/Year	Lump-Sum	669,275.25	0	0	2,964,275.25	0	
04/09/2024	110,000.00	0%/Year	Lump-Sum	0	0	0	110,000.00	0	
05/06/2024	50,000.00	0%/Year	Lump-Sum	0	0	0	50,000.00	0	
17/04/2024	75,000.00	0%/Year	Lump-Sum	0	0	0	75,000.00	0	
26/02/2024	50,000.00	0%/Year	Lump-Sum	0	0	0	50,000.00	0	
10/12/2023	75,000.00	0%/Year	Lump-Sum	0	0	0	75,000.00	0	
09/12/2023	100,000.00	0%/Year	Lump-Sum	0	0	0	100,000.00	0	
08/12/2023	100,000.00	0%/Year	Lump-Sum	0	0	0	100,000.00	0	
17/11/2023	465,000.00	0%/Year	Lump-Sum	0	0	0	465,000.00	0	
26/10/2023	900,000.00	0%/Year	Lump-Sum	0	0	0	900,000.00	0	
23/08/2023	100,000.00	0%/Year	Lump-Sum	0	0	0	100,000.00	0	
26/07/2023	50,000.00	0%/Year	Lump-Sum	0	0	0	50,000.00	0	
25/07/2023	100,000.00	0%/Year	Lump-Sum	0	0	0	100,000.00	0	
15/06/2023	150,000.00	0%/Year	Lump-Sum	0	0	0	150,000.00	0	
18/05/2023	300,000.00	0%/Year	Lump-Sum	0	0	0	300,000.00	0	
15/05/2023	450,000.00	0%/Year	Lump-Sum	0	0	0	450,000.00	0	
12/03/2023	3,181,500.00	0%/Year	Lump-Sum	0	0	0	986,500.00	0	


loan 1000116

09/12/2025	50,000.00	0%/Day	Lump-Sum	0	0	0	50,000.00	0	
18/08/2025	20,000.00	0%/Loan	Yearly	0	0	0	20,000.00	0	
17/06/2025	35,000.00	0%/Year	Lump-Sum	0	0	0	35,000.00	0	
09/04/2025	185,000.00	0%/Loan	Lump-Sum	0	0	0	185,000.00	0	
07/04/2025	350,000.00	0%/Loan	Lump-Sum	0	0	0	350,000.00	0	
24/02/2025	104,000.00	0%/Year	Lump-Sum	0	0	0	104,000.00	0	
31/01/2025	78,000.00	0%/Loan	Lump-Sum	0	0	0	78,000.00	0	
29/11/2024	13,000.00	0%/Year	Lump-Sum	0	0	0	13,000.00	0	
26/11/2024	40,000.00	0%/Year	Lump-Sum	0	0	0	40,000.00	0	
11/11/2024	27,000.00	0%/Year	Lump-Sum	0	0	0	27,000.00	0	
07/11/2024	4,476,500.00	0%/Year	Lump-Sum	497,464.18	0	0	4,973,964.18	0	


loan 1000040

15/08/2023	10,000.00	100%/Year	Lump-Sum	10,000.00	0	0	20,000.00	0	
01/08/2023	20,000.00	100%/Year	Lump-Sum	20,000.00	0	0	40,000.00	0	
27/02/2023	30,000.00	100%/Year	Lump-Sum	30,000.00	0	0	60,000.00	0	
19/08/2022	30,000.00	100%/Year	Lump-Sum	30,000.00	0	0	60,000.00	0	
07/07/2022	30,000.00	100%/Year	Lump-Sum	30,000.00	0	0	60,000.00	0	
24/10/2016	12,500.00	0%/Year	Lump-Sum	0	0	0	12,500.00	0	


loan 1000114  / brumstead

08/07/2025	25,000.00	9%/Year	Lump-Sum	2,250.00	0	0	27,250.00	0	
14/03/2025	75,000.00	9%/Year	Lump-Sum	6,750.00	0	0	81,750.00	0	
11/04/2024	950,000.00	2%/Month	Lump-Sum	114,000.00	0	0	1,064,000.00	0	


loan 1000095 / helmsley land

19/07/2024	15,000.00	0%/Year	Lump-Sum	15,094.26	27,659.23	0	112,633.49	0	
15/03/2024	15,000.00	0%/Loan	Lump-Sum	0	0	0	10,120.00	0	
20/06/2022	50,000.00	0%/Day	Lump-Sum	0	0	0	0	0	


loan 10000096 / cumberland

20/06/2025	1,633.00	0%/Year	Lump-Sum	0	0	0	1,633.00	0	
10/03/2025	5,306.00	0%/Year	Lump-Sum	0	0	0	5,306.00	0	
14/05/2024	4,082.00	0%/Loan	Lump-Sum	0	0	0	4,082.00	0	
15/03/2023	6,122.00	0%/Year	Lump-Sum	0	0	0	6,122.00	0	
26/07/2022	100,000.00	0%/Day	Lump-Sum	0	0	0	100,000.00	0	


loan 1000028 / claxton

15/03/2023	3,590.00	0%/Loan	Lump-Sum	475.45	0	0	4,065.45	0	
05/08/2021	15,385.00	0%/Day	Lump-Sum	0	0	0	15,385.00	0	
02/05/2019	200,000.00	0%/Year	Lump-Sum	743.32	0	0	200,743.32	0	


loan 1000030 / nessgate

14/08/2023	12,000.00	0%/Loan	Lump-Sum	0	0	0	12,000.00	0	
25/10/2022	40,000.00	0%/Month	Lump-Sum	0	0	0	40,000.00	0	
04/01/2016	244,000.00	0%/Year	Lump-Sum	74,470.75	0	0	318,470.75	0	


loan 1000036 / bonding

10/09/2024	16,808.75	0%/Year	Lump-Sum	7,045.56	0	0	23,854.31	0	
08/05/2015	1,240,000.00	0%/Year	Lump-Sum	114,409.94	0	0	1,354,409.94	0	



